1 61
2 76
3 26
4 121
5 123
6 97
7 77
8 66
9 121
10 69
11 98
12 122
13 114
14 61
15 74
16 47
17 145
18 128
19 134
20 94
21 25
22 30
23 25
24 138
25 122
26 56
27 121
28 48
29 107
30 29
31 140
32 59
33 40
34 96
35 121
36 55
37 29
38 122
39 86
40 72
41 76
42 145
43 34
44 26
45 102
46 89
47 116
48 35
49 28
50 139
51 39
52 82
53 62
54 41
55 30
56 81
57 61
58 112
59 77
60 135
61 149
62 58
63 125
64 60
65 20
66 72
67 144
68 34
69 73
70 85
71 128
72 33
73 138
74 121
75 55
76 148
77 84
78 75
79 20
80 37
81 23
82 56
83 98
84 47
85 32
86 86
87 57
88 78
89 55
90 131
91 72
92 87
93 100
94 119
95 69
96 27
97 83
98 104
99 106
100 50
101 48
102 97
103 104
104 71
105 148
106 127
107 136
108 126
109 64
110 48
111 76
112 60
113 51
114 123
115 118
116 21
117 48
118 126
119 136
120 31
121 58
122 51
123 87
124 94
125 20
126 140
127 61
128 108
129 145
130 116
131 85
132 33
133 84
134 144
135 134
136 35
137 139
138 119
139 64
140 127
141 97
142 30
143 92
144 100
145 59
146 49
147 56
148 115
149 98
150 52
151 35
152 141
153 58
154 63
155 73
156 89
157 137
158 127
159 107
160 149
161 28
162 42
163 90
164 116
165 125
166 104
167 131
168 44
169 28
170 57
171 139
172 74
173 85
174 80
175 61
176 35
177 137
178 107
179 34
180 103
181 81
182 84
183 99
184 27
185 104
186 98
187 41
188 39
189 40
190 132
191 45
192 55
193 127
194 29
195 21
196 30
197 70
198 102
199 36
200 103
201 31
202 121
203 132
204 67
205 55
206 80
207 83
208 107
209 130
210 122
211 33
212 85
213 48
214 94
215 33
216 62
217 87
218 35
219 104
220 119
221 20
222 47
223 32
224 53
225 138
226 46
227 41
228 97
229 143
230 111
231 110
232 47
233 79
234 32
235 92
236 139
237 50
238 42
239 130
240 110
241 25
242 69
243 34
244 42
245 148
246 144
247 43
248 141
249 132
250 67
251 141
252 28
253 87
254 143
255 69
256 81
257 106
258 46
259 60
260 39
261 60
262 35
263 84
264 83
265 53
266 65
267 46
268 141
269 75
270 112
271 94
272 56
273 55
274 78
275 110
276 71
277 46
278 39
279 137
280 54
281 40
282 71
283 93
284 135
285 47
286 27
287 100
288 72
289 123
290 134
291 124
292 145
293 58
294 39
295 108
296 63
297 54
298 50
299 30
300 117
301 33
302 29
303 54
304 24
305 128
306 56
307 74
308 117
309 46
310 96
311 147
312 80
313 43
314 51
315 42
316 148
317 43
318 109
319 112
320 49
321 141
322 113
323 64
324 42
325 63
326 26
327 145
328 142
329 75
330 45
331 92
332 116
333 64
334 32
335 126
336 100
337 103
338 114
339 115
340 115
341 120
342 79
343 77
344 36
345 110
346 80
347 110
348 76
349 94
350 105
351 80
352 149
353 143
354 51
355 77
356 99
357 130
358 76
359 36
360 108
361 93
362 98
363 54
364 24
365 118
366 58
367 20
368 147
369 47
370 27
371 33
372 63
373 97
374 22
375 128
376 26
377 95
378 137
379 99
380 80
381 79
382 79
383 114
384 38
385 61
386 85
387 146
388 29
389 72
390 25
391 76
392 113
393 74
394 149
395 144
396 127
397 123
398 43
399 111
400 78
401 133
402 61
403 139
404 147
405 108
406 54
407 69
408 79
409 117
410 68
411 61
412 131
413 104
414 130
415 34
416 87
417 115
418 134
419 37
420 39
421 80
422 80
423 128
424 112
425 140
426 127
427 113
428 38
429 33
430 58
431 146
432 79
433 80
434 129
435 62
436 30
437 57
438 47
439 116
440 150
441 118
442 111
443 133
444 122
445 50
446 86
447 124
448 98
449 59
450 39
451 69
452 136
453 58
454 49
455 62
456 63
457 53
458 64
459 35
460 109
461 132
462 54
463 122
464 41
465 122
466 101
467 57
468 146
469 87
470 69
471 41
472 146
473 121
474 150
475 94
476 113
477 134
478 114
479 113
480 60
481 21
482 114
483 133
484 112
485 81
486 88
487 132
488 91
489 49
490 29
491 112
492 111
493 123
494 113
495 53
496 20
497 109
498 91
499 64
500 135
501 24
502 54
503 66
504 101
505 130
506 107
507 129
508 25
509 62
510 51
511 109
512 80
513 57
514 85
515 99
516 27
517 95
518 76
519 97
520 56
521 141
522 143
523 24
524 83
525 131
526 57
527 72
528 67
529 29
530 24
531 43
532 117
533 73
534 59
535 41
536 108
537 51
538 44
539 55
540 137
541 80
542 31
543 109
544 43
545 88
546 98
547 20
548 101
549 30
550 52
551 67
552 103
553 81
554 58
555 23
556 144
557 22
558 47
559 121
560 78
561 94
562 100
563 136
564 70
565 106
566 49
567 103
568 82
569 104
570 100
571 149
572 91
573 142
574 79
575 28
576 39
577 22
578 63
579 26
580 89
581 114
582 91
583 100
584 62
585 42
586 118
587 100
588 25
589 77
590 100
591 83
592 44
593 93
594 81
595 41
596 51
597 96
598 119
599 134
600 105
601 34
602 112
603 107
604 43
605 130
606 87
607 24
608 139
609 129
610 57
611 68
612 141
613 21
614 52
615 99
616 143
617 107
618 55
619 89
620 49
621 97
622 108
623 74
624 38
625 122
626 109
627 96
628 35
629 29
630 62
631 149
632 131
633 62
634 142
635 102
636 108
637 40
638 129
639 124
640 114
641 38
642 61
643 120
644 31
645 58
646 148
647 90
648 115
649 59
650 66
651 78
652 67
653 34
654 109
655 46
656 85
657 36
658 101
659 28
660 73
661 73
662 91
663 80
664 129
665 21
666 75
667 75
668 123
669 67
670 66
671 32
672 81
673 61
674 89
675 143
676 23
677 119
678 115
679 78
680 122
681 126
682 48
683 139
684 68
685 114
686 48
687 101
688 56
689 26
690 102
691 34
692 41
693 71
694 112
695 26
696 136
697 115
698 139
699 28
700 98
