1 163
2 259
3 181
4 242
5 175
6 244
7 138
8 199
9 225
10 247
11 155
12 211
13 273
14 134
15 215
16 255
17 248
18 104
19 139
20 144
21 129
22 244
23 201
24 206
25 219
26 125
27 226
28 122
29 224
30 221
31 187
32 114
33 144
34 152
35 149
36 273
37 274
38 180
39 209
40 111
41 168
42 169
43 106
44 187
45 162
46 220
47 162
48 180
49 181
50 189
51 114
52 167
53 216
54 235
55 257
56 272
57 242
58 239
59 161
60 259
61 138
62 162
63 212
64 171
65 220
66 232
67 248
68 266
69 145
70 242
71 149
72 183
73 194
74 148
75 269
76 269
77 167
78 169
79 183
80 278
81 208
82 278
83 209
84 134
85 117
86 127
87 208
88 128
89 128
90 162
91 120
92 250
93 171
94 139
95 179
96 140
97 113
98 214
99 177
100 186
101 132
102 219
103 210
104 142
105 134
106 118
107 122
108 171
109 231
110 226
111 167
112 244
113 215
114 136
115 270
116 216
117 202
118 122
119 277
120 168
121 237
122 125
123 194
124 111
125 196
126 261
127 197
128 257
129 193
130 169
131 245
132 115
133 153
134 167
135 196
136 244
137 210
138 251
139 142
140 139
141 235
142 123
143 108
144 201
145 275
146 168
147 176
148 175
149 182
150 135
151 258
152 127
153 247
154 231
155 139
156 119
157 172
158 113
159 203
160 261
161 227
162 177
163 280
164 248
165 262
166 260
167 110
168 255
169 161
170 215
171 133
172 242
173 265
174 153
175 100
176 170
177 154
178 119
179 196
180 103
181 152
182 246
183 268
184 240
185 118
186 169
187 235
188 167
189 143
190 123
191 278
192 260
193 183
194 199
195 273
196 141
197 181
198 277
199 212
200 101
201 158
202 229
203 254
204 268
205 208
206 221
207 153
208 106
209 173
210 279
211 123
212 219
213 213
214 238
215 233
216 104
217 229
218 138
219 146
220 170
221 116
222 255
223 269
224 132
225 107
226 208
227 103
228 156
229 106
230 125
231 266
232 208
233 196
234 232
235 272
236 229
237 193
238 155
239 269
240 258
241 147
242 156
243 247
244 183
245 187
246 164
247 256
248 136
249 187
250 225
251 116
252 134
253 134
254 227
255 202
256 107
257 176
258 156
259 248
260 131
261 149
262 240
263 250
264 259
265 128
266 227
267 199
268 191
269 152
270 261
271 259
272 142
273 215
274 181
275 147
276 201
277 198
278 165
279 196
280 237
281 237
282 145
283 173
284 183
285 141
286 213
287 249
288 133
289 218
290 275
291 221
292 156
293 251
294 176
295 256
296 136
297 259
298 105
299 149
300 108
301 119
302 192
303 267
304 100
305 132
306 255
307 175
308 220
309 169
310 146
311 272
312 178
313 171
314 161
315 128
316 226
317 107
318 157
319 132
320 136
321 253
322 175
323 147
324 106
325 200
326 232
327 270
328 115
329 226
330 126
331 129
332 191
333 105
334 267
335 103
336 246
337 261
338 221
339 193
340 245
341 155
342 166
343 176
344 276
345 123
346 202
347 158
348 132
349 126
350 152
351 252
352 225
353 169
354 212
355 112
356 277
357 112
358 159
359 191
360 226
361 125
362 204
363 218
364 244
365 274
366 234
367 111
368 101
369 194
370 228
371 258
372 217
373 238
374 163
375 203
376 233
377 248
378 124
379 229
380 240
381 111
382 254
383 163
384 138
385 163
386 130
387 171
388 270
389 117
390 218
391 126
392 275
393 188
394 193
395 214
396 230
397 112
398 270
399 146
400 217
401 251
402 255
403 181
404 156
405 101
406 115
407 171
408 180
409 105
410 134
411 220
412 200
413 123
414 276
415 149
416 223
417 253
418 136
419 260
420 148
421 220
422 182
423 223
424 273
425 214
426 221
427 184
428 169
429 239
430 239
431 207
432 108
433 129
434 133
435 144
436 236
437 102
438 247
439 244
440 246
441 223
442 125
443 154
444 150
445 200
446 137
447 256
448 107
449 158
450 166
451 262
452 243
453 129
454 248
455 236
456 172
457 114
458 244
459 167
460 233
461 150
462 274
463 111
464 175
465 267
466 274
467 236
468 221
469 239
470 247
471 123
472 262
473 201
474 241
475 129
476 161
477 197
478 197
479 187
480 207
481 195
482 202
483 279
484 270
485 266
486 241
487 132
488 276
489 267
490 275
491 180
492 264
493 185
494 223
495 273
496 126
497 254
498 225
499 131
500 241
501 155
502 203
503 186
504 144
505 231
506 247
507 117
508 250
509 142
510 188
511 250
512 242
513 174
514 212
515 247
516 276
517 260
518 211
519 210
520 210
521 141
522 280
523 129
524 245
525 217
526 252
527 133
528 145
529 101
530 221
531 202
532 226
533 260
534 258
535 243
536 254
537 139
538 222
539 254
540 206
541 272
542 256
543 179
544 158
545 278
546 144
547 174
548 231
549 105
550 215
551 259
552 178
553 152
554 132
555 265
556 119
557 177
558 231
559 200
560 147
561 115
562 139
563 231
564 199
565 142
566 172
567 100
568 191
569 199
570 115
571 132
572 152
573 157
574 168
575 200
576 270
577 119
578 130
579 110
580 191
581 197
582 259
583 214
584 149
585 106
586 178
587 213
588 115
589 139
590 278
591 127
592 231
593 268
594 138
595 170
596 134
597 133
598 146
599 106
600 173
601 230
602 155
603 114
604 208
605 275
606 206
607 184
608 148
609 223
610 122
611 267
612 189
613 242
614 201
615 123
616 252
617 181
618 245
619 209
620 223
621 126
622 184
623 100
624 102
625 105
626 187
627 226
628 246
629 271
630 144
631 251
632 263
633 197
634 103
635 279
636 110
637 271
638 175
639 250
640 196
641 235
642 255
643 202
644 145
645 260
646 271
647 185
648 215
649 170
650 123
651 208
652 141
653 266
654 161
655 223
656 206
657 278
658 107
659 203
660 251
661 164
662 110
663 210
664 163
665 251
666 220
667 166
668 212
669 144
670 143
671 279
672 203
673 198
674 155
675 149
676 136
677 244
678 133
679 256
680 177
681 114
682 148
683 187
684 191
685 137
686 241
687 191
688 180
689 244
690 126
691 212
692 236
693 259
694 262
695 252
696 151
697 211
698 113
699 204
700 240
