1 73
2 69
3 106
4 45
5 111
6 40
7 134
8 94
9 134
10 24
11 138
12 24
13 86
14 29
15 115
16 78
17 121
18 61
19 49
20 59
21 78
22 54
23 115
24 130
25 120
26 69
27 105
28 86
29 106
30 35
31 55
32 111
33 137
34 128
35 109
36 103
37 38
38 137
39 32
40 105
41 139
42 129
43 43
44 42
45 28
46 104
47 80
48 150
49 36
50 84
51 91
52 85
53 126
54 112
55 123
56 103
57 36
58 52
59 73
60 80
61 25
62 38
63 78
64 92
65 80
66 88
67 45
68 70
69 63
70 145
71 129
72 106
73 41
74 59
75 127
76 67
77 91
78 79
79 104
80 86
81 75
82 26
83 28
84 91
85 102
86 102
87 148
88 70
89 70
90 92
91 146
92 97
93 82
94 90
95 41
96 124
97 38
98 20
99 138
100 66
101 79
102 71
103 69
104 20
105 126
106 28
107 142
108 73
109 147
110 86
111 112
112 48
113 24
114 114
115 67
116 23
117 60
118 67
119 72
120 62
121 41
122 46
123 109
124 40
125 50
126 116
127 62
128 96
129 118
130 119
131 77
132 29
133 98
134 81
135 25
136 135
137 43
138 54
139 124
140 20
141 91
142 91
143 48
144 105
145 105
146 48
147 48
148 72
149 62
150 77
151 102
152 82
153 75
154 83
155 133
156 25
157 93
158 70
159 57
160 114
161 127
162 47
163 87
164 114
165 55
166 117
167 57
168 48
169 29
170 97
171 102
172 100
173 53
174 92
175 121
176 61
177 142
178 86
179 95
180 22
181 64
182 114
183 75
184 108
185 47
186 136
187 143
188 60
189 66
190 61
191 80
192 93
193 141
194 29
195 32
196 107
197 131
198 27
199 86
200 132
201 72
202 36
203 104
204 20
205 149
206 33
207 96
208 112
209 148
210 117
211 60
212 43
213 139
214 109
215 26
216 33
217 48
218 97
219 108
220 114
221 104
222 121
223 60
224 108
225 120
226 124
227 91
228 125
229 45
230 56
231 134
232 107
233 70
234 118
235 48
236 24
237 71
238 144
239 119
240 103
241 142
242 58
243 138
244 107
245 20
246 78
247 42
248 82
249 140
250 99
251 81
252 91
253 117
254 80
255 73
256 77
257 138
258 129
259 22
260 62
261 30
262 70
263 21
264 69
265 107
266 109
267 33
268 126
269 148
270 133
271 63
272 120
273 42
274 121
275 78
276 44
277 127
278 115
279 138
280 106
281 111
282 30
283 44
284 75
285 35
286 79
287 21
288 148
289 87
290 149
291 45
292 37
293 125
294 78
295 149
296 135
297 47
298 61
299 81
300 77
301 58
302 70
303 79
304 77
305 41
306 149
307 71
308 95
309 50
310 99
311 115
312 137
313 43
314 130
315 139
316 42
317 62
318 95
319 30
320 89
321 35
322 67
323 86
324 109
325 83
326 111
327 22
328 100
329 133
330 92
331 59
332 97
333 120
334 79
335 63
336 113
337 139
338 42
339 78
340 99
341 91
342 79
343 33
344 37
345 63
346 36
347 39
348 48
349 122
350 63
351 65
352 95
353 47
354 127
355 93
356 52
357 127
358 129
359 127
360 46
361 131
362 133
363 26
364 143
365 105
366 22
367 97
368 124
369 115
370 25
371 132
372 137
373 64
374 43
375 81
376 32
377 102
378 145
379 31
380 60
381 112
382 142
383 56
384 65
385 55
386 111
387 68
388 87
389 127
390 76
391 132
392 113
393 116
394 51
395 124
396 76
397 108
398 116
399 98
400 28
401 95
402 87
403 106
404 61
405 90
406 113
407 22
408 149
409 145
410 82
411 51
412 149
413 78
414 30
415 95
416 121
417 95
418 102
419 92
420 137
421 130
422 84
423 29
424 67
425 33
426 33
427 149
428 25
429 47
430 116
431 30
432 120
433 67
434 103
435 46
436 40
437 85
438 126
439 22
440 89
441 42
442 54
443 24
444 99
445 144
446 25
447 92
448 56
449 108
450 78
451 112
452 77
453 92
454 147
455 142
456 94
457 24
458 140
459 102
460 118
461 92
462 69
463 44
464 106
465 135
466 150
467 140
468 25
469 138
470 134
471 47
472 29
473 113
474 112
475 127
476 42
477 127
478 127
479 59
480 82
481 114
482 134
483 46
484 22
485 33
486 54
487 39
488 86
489 22
490 55
491 72
492 31
493 70
494 126
495 109
496 86
497 71
498 147
499 107
500 97
501 106
502 90
503 148
504 46
505 72
506 133
507 90
508 101
509 59
510 127
511 111
512 30
513 132
514 122
515 139
516 128
517 108
518 92
519 142
520 50
521 29
522 60
523 115
524 145
525 125
526 67
527 44
528 149
529 145
530 97
531 114
532 65
533 21
534 124
535 129
536 138
537 84
538 141
539 114
540 56
541 42
542 49
543 39
544 103
545 143
546 81
547 46
548 149
549 52
550 64
551 56
552 95
553 35
554 85
555 64
556 65
557 94
558 60
559 23
560 70
561 36
562 148
563 26
564 144
565 60
566 60
567 76
568 22
569 31
570 26
571 145
572 52
573 83
574 56
575 95
576 43
577 37
578 84
579 81
580 126
581 64
582 107
583 112
584 65
585 100
586 102
587 81
588 116
589 76
590 66
591 28
592 43
593 106
594 79
595 25
596 133
597 121
598 118
599 111
600 124
601 131
602 83
603 122
604 86
605 128
606 132
607 51
608 85
609 51
610 37
611 47
612 110
613 61
614 74
615 116
616 71
617 147
618 45
619 149
620 109
621 46
622 66
623 80
624 66
625 148
626 73
627 39
628 51
629 43
630 30
631 129
632 129
633 37
634 123
635 35
636 146
637 68
638 128
639 90
640 46
641 140
642 115
643 139
644 38
645 78
646 79
647 116
648 55
649 147
650 53
651 62
652 55
653 79
654 129
655 46
656 103
657 34
658 127
659 94
660 137
661 20
662 133
663 116
664 68
665 116
666 88
667 78
668 137
669 119
670 128
671 95
672 47
673 89
674 146
675 66
676 126
677 72
678 108
679 73
680 62
681 77
682 104
683 36
684 61
685 130
686 116
687 88
688 61
689 61
690 29
691 118
692 121
693 90
694 80
695 134
696 49
697 25
698 132
699 98
700 27
